0.18689526999999984
8 4 4 3 1
0 0 0 0,0 0 0 0 0 0 0 0
0 1 1 1,1 0 0 0 0 0 0 0
1 0 1 1,0 1 0 0 0 0 0 0
1 1 0 1,0 0 1 0 0 0 0 0
1 1 0 0,0 0 0 1 0 0 0 0
1 0 0 0,0 0 0 0 1 0 0 0
0 1 0 0,0 0 0 0 0 1 0 0
0 0 1 0,0 0 0 0 0 0 1 0
0 0 0 1,0 0 0 0 0 0 0 1
1 0 1 0,1 0 1 0 0 0 0 0
1 1 1 1,1 0 0 0 1 0 0 0
0 0 1 1,1 0 0 0 0 1 0 0
0 1 0 1,1 0 0 0 0 0 1 0
0 1 1 0,1 0 0 0 0 0 0 1
1 0 0 1,0 1 0 0 0 0 1 0
1 1 1 0,0 0 0 1 0 0 1 0
G_matrix:
1 0 0 0 0 1 1 1
0 1 0 0 1 0 1 1
0 0 1 0 1 1 0 1
0 0 0 1 1 1 0 0
H_matrix:
0 1 1 1 1 0 0 0
1 0 1 1 0 1 0 0
1 1 0 0 0 0 1 0
1 1 1 0 0 0 0 1
